11
12
14
16
21
23
25
32
38
41
49
52
56
58
61
65
83
85
94
101
102
104
106
110
111
113
119
120
131
133
137
140
146
160
164
166
173
179
191
197
199
201
203
205
210
223
229
230
232
250
289
292
298
302
308
311
313
317
320
322
331
335
337
344
346
353
355
364
368
371
373
377
379
380
386
388
397
401
409
410
416
434
436
443
449
461
463
467
476
490
494
502
506
508
520
533
535
553
559
560
566
580
595
601
605
610
614
616
634
638
641
643
647
650
656
661
665
674
683
689
698
713
719
731
733
737
739
746
764
773
779
791
793
797
803
805
829
830
836
838
850
863
869
883
892
896
904
911
917
919
922
928
937
940
944
955
968
971
973
977
982
986
991
1001
1002
1004
1006
1010
1011
1013
1019
1020
1031
1033
1037
1040
1046
1060
1064
1066
1073
1079
1091
1097
1099
1100
1101
1103
1109
1110
1112
1114
1118
1121
1130
1136
1141
1145
1147
1154
1163
1174
1181
1190
1200
1211
1222
1228
1244
1277
1282
1301
1303
1307
1310
1316
1330
1349
1361
1369
1370
1394
1396
1400
1406
1411
1415
1417
1424
1439
1442
1448
1451
1460
1466
1471
1484
1493
1499
1514
1541
1600
1604
1606
1613
1631
1639
1640
1646
1660
1664
1666
1679
1693
1697
1703
1709
1714
1727
1730
1741
1769
1772
1778
1787
1790
1796
1811
1822
1844
1877
1901
1907
1909
1910
1934
1936
1943
1949
1963
1967
1970
1976
1990
1994
2001
2003
2005
2010
2023
2029
2030
2032
2050
2089
2092
2098
2100
2111
2122
2128
2144
2177
2182
2203
2209
2212
2218
2221
2225
2227
2230
2236
2252
2258
2263
2272
2281
2285
2290
2300
2302
2320
2326
2333
2335
2339
2353
2362
2368
2386
2393
2414
2441
2458
2485
2500
2522
2528
2533
2548
2555
2557
2566
2575
2582
2584
2588
2623
2632
2638
2656
2665
2669
2683
2696
2717
2722
2755
2771
2777
2809
2812
2821
2825
2836
2845
2852
2854
2858
2863
2885
2890
2902
2908
2920
2933
2966
2980
3002
3008
3011
3013
3017
3020
3022
3031
3035
3037
3044
3046
3053
3055
3064
3068
3071
3073
3077
3079
3080
3086
3088
3097
3101
3103
3107
3110
3116
3130
3149
3161
3169
3170
3194
3196
3200
3202
3220
3226
3233
3235
3239
3253
3262
3268
3286
3293
3301
3305
3307
3310
3323
3325
3329
3332
3334
3343
3347
3350
3352
3356
3358
3365
3367
3370
3374
3376
3385
3389
3392
3398
3404
3406
3419
3433
3437
3440
3460
3466
3473
3491
3503
3505
3523
3530
3532
3536
3538
3550
3563
3569
3583
3596
3604
3608
3611
3619
3622
3628
3635
3637
3640
3646
3653
3659
3664
3673
3680
3682
3691
3695
3701
3703
3707
3709
3710
3730
3734
3736
3743
3763
3770
3790
3800
3806
3808
3826
3835
3839
3853
3860
3862
3880
3893
3907
3914
3916
3923
3932
3938
3941
3956
3961
3965
3970
3983
4001
4009
4010
4016
4034
4036
4043
4049
4061
4063
4067
4076
4090
4094
4100
4106
4111
4115
4117
4124
4139
4142
4148
4151
4160
4166
4171
4184
4193
4199
4214
4241
4258
4285
4304
4306
4319
4333
4337
4340
4360
4366
4373
4391
4403
4409
4412
4418
4421
4430
4445
4447
4454
4469
4474
4481
4490
4496
4511
4528
4544
4577
4582
4601
4603
4607
4610
4616
4630
4636
4649
4661
4663
4667
4670
4676
4694
4706
4711
4733
4744
4757
4760
4766
4775
4799
4814
4825
4841
4852
4900
4904
4913
4919
4931
4940
4946
4964
4979
4991
4997
5002
5006
5008
5020
5033
5035
5053
5059
5060
5066
5080
5095
5114
5141
5200
5222
5228
5233
5248
5255
5257
5266
5275
5282
5284
5288
5303
5305
5323
5330
5332
5336
5338
5350
5363
5369
5383
5396
5411
5428
5444
5477
5482
5503
5509
5525
5527
5530
5552
5558
5572
5585
5590
5600
5606
5626
5633
5639
5660
5662
5693
5699
5725
5747
5752
5774
5800
5822
5824
5828
5833
5842
5855
5882
5899
5905
5936
5950
5963
5969
5989
5996
5998
6001
6005
6010
6014
6016
6034
6038
6041
6043
6047
6050
6056
6061
6065
6074
6083
6089
6098
6100
6104
6106
6113
6131
6139
6140
6146
6160
6164
6166
6179
6193
6197
6223
6232
6238
6256
6265
6269
6283
6296
6304
6308
6311
6319
6322
6328
6335
6337
6340
6346
6353
6359
6364
6373
6380
6382
6391
6395
6401
6403
6407
6410
6416
6430
6436
6449
6461
6463
6467
6470
6476
6494
6500
6506
6526
6533
6539
6560
6562
6593
6599
6601
6605
6610
6614
6616
6625
6629
6634
6641
6643
6647
6650
6652
6661
6674
6692
6704
6719
6733
6740
6746
6764
6791
6803
6809
6823
6830
6832
6890
6908
6913
6917
6926
6931
6935
6944
6953
6959
6962
6971
6980
6995
7013
7019
7031
7033
7037
7039
7046
7064
7073
7079
7091
7093
7097
7103
7109
7114
7127
7130
7141
7169
7172
7178
7187
7190
7196
7217
7222
7255
7271
7277
7301
7303
7307
7309
7310
7330
7334
7336
7343
7363
7370
7390
7406
7411
7433
7444
7457
7460
7466
7475
7499
7525
7547
7552
7574
7604
7619
7633
7640
7646
7664
7691
7703
7709
7712
7718
7721
7727
7730
7745
7754
7772
7778
7781
7787
7790
7817
7871
7877
7888
7901
7903
7907
7910
7916
7930
7949
7961
7970
7994
8003
8005
8029
8030
8036
8038
8050
8063
8069
8083
8092
8096
8111
8122
8144
8177
8209
8212
8221
8225
8236
8245
8252
8254
8258
8263
8285
8290
8300
8306
8308
8326
8335
8339
8353
8360
8362
8380
8393
8414
8425
8441
8452
8500
8522
8524
8528
8533
8542
8555
8582
8599
8603
8609
8623
8630
8632
8690
8717
8771
8777
8788
8803
8825
8830
8852
8878
8887
8902
8906
8920
8933
8959
8960
8995
9004
9011
9017
9019
9022
9028
9037
9040
9044
9055
9068
9071
9073
9077
9082
9086
9091
9101
9107
9109
9110
9134
9136
9143
9149
9163
9167
9170
9176
9190
9194
9202
9208
9220
9233
9266
9280
9307
9314
9316
9323
9332
9338
9341
9356
9361
9365
9370
9383
9400
9404
9413
9419
9431
9440
9446
9464
9479
9491
9497
9505
9536
9550
9563
9569
9589
9596
9598
9608
9613
9617
9626
9631
9635
9644
9653
9659
9662
9671
9680
9695
9701
9703
9707
9710
9716
9730
9749
9761
9770
9794
9802
9806
9820
9833
9859
9860
9895
9901
9910
9914
9941
9947
9956
9958
9965
9974
9985
10001
10002
10004
10006
10010
10011
10013
10019
10020
10031
10033
10037
10040
10046
10060
10064
10066
10073
10079
10091
10097
10099
10100
10101
10103
10109
10110
10112
10114
10118
10121
10130
10136
10141
10145
10147
10154
10163
10174
10181
10190
10200
10211
10222
10228
10244
10277
10282
10301
10303
10307
10310
10316
10330
10349
10361
10369
10370
10394
10396
10400
10406
10411
10415
10417
10424
10439
10442
10448
10451
10460
10466
10471
10484
10493
10499
10514
10541
10600
10604
10606
10613
10631
10639
10640
10646
10660
10664
10666
10679
10693
10697
10703
10709
10714
10727
10730
10741
10769
10772
10778
10787
10790
10796
10811
10822
10844
10877
10901
10907
10909
10910
10934
10936
10943
10949
10963
10967
10970
10976
10990
10994
11000
11001
11003
11009
11010
11012
11014
11018
11021
11030
11036
11041
11045
11047
11054
11063
11074
11081
11090
11100
11102
11104
11108
11111
11113
11117
11120
11122
11126
11128
11131
11135
11137
11140
11153
11155
11159
11162
11168
11171
11173
11177
11180
11182
11186
11188
11195
11201
11210
11212
11216
11218
11221
11227
11234
11243
11245
11249
11254
11261
11272
11281
11294
11300
11306
11311
11315
11317
11324
11333
11339
11342
11344
11351
11360
11366
11371
11377
11393
11399
11401
11405
11407
11410
11423
11425
11429
11432
11434
11443
11447
11450
11452
11456
11458
11465
11467
11470
11474
11476
11485
11489
11492
11498
11504
11513
11515
11519
11524
11531
11540
11542
11546
11548
11551
11557
11564
11575
11579
11584
11591
11597
11603
11612
11618
11621
11630
11636
11645
11647
11654
11663
11674
11678
11681
11687
11704
11711
11713
11717
11722
11731
11737
11740
11744
11746
11755
11759
11764
11768
11771
11773
11777
11786
11795
11801
11810
11812
11816
11818
11821
11845
11849
11854
11861
11867
11876
11881
11894
11900
11915
11924
11933
11939
11942
11948
11951
11957
11975
11984
11993
12000
12011
12022
12028
12044
12077
12082
12101
12110
12112
12116
12118
12121
12127
12134
12143
12145
12149
12154
12161
12172
12181
12194
12202
12208
12211
12217
12220
12224
12235
12242
12244
12248
12253
12257
12268
12271
12275
12277
12280
12284
12286
12314
12325
12341
12347
12352
12358
12374
12385
12404
12413
12415
12419
12422
12424
12428
12431
12437
12440
12442
12446
12448
12451
12455
12464
12473
12479
12482
12484
12488
12491
12497
12514
12523
12527
12532
12538
12541
12545
12554
12572
12583
12611
12628
12644
12677
12682
12707
12712
12721
12725
12727
12734
12743
12749
12752
12767
12770
12772
12776
12794
12802
12811
12820
12824
12826
12835
12842
12844
12848
12853
12862
12884
12914
12941
12947
12974
13001
13003
13007
13010
13016
13030
13049
13061
13069
13070
13094
13096
13100
13106
13111
13115
13117
13124
13133
13139
13142
13144
13151
13160
13166
13171
13177
13193
13199
13214
13225
13241
13247
13252
13258
13274
13285
13300
13313
13319
13331
13333
13339
13346
13364
13379
13391
13393
13397
13409
13412
13414
13421
13427
13436
13441
13445
13454
13463
13472
13478
13487
13490
13511
13522
13528
13544
13582
13601
13609
13610
13616
13634
13643
13661
13667
13676
13690
13700
13711
13717
13724
13739
13742
13748
13766
13771
13784
13793
13825
13847
13852
13874
13904
13906
13913
13919
13931
13933
13937
13940
13960
13973
13991
14000
14006
14011
14015
14017
14024
14039
14042
14048
14051
14060
14066
14071
14084
14093
14099
14101
14105
14107
14110
14123
14125
14129
14132
14134
14143
14147
14150
14152
14156
14158
14165
14167
14170
14174
14176
14185
14189
14192
14198
14204
14213
14215
14219
14222
14224
14228
14231
14237
14240
14242
14246
14248
14251
14255
14264
14273
14279
14282
14284
14288
14291
14297
14309
14312
14314
14321
14327
14336
14341
14345
14354
14363
14372
14378
14387
14390
14402
14408
14413
14417
14420
14422
14426
14428
14431
14435
14453
14455
14459
14462
14471
14477
14480
14482
14495
14501
14510
14512
14516
14518
14521
14525
14534
14543
14545
14549
14552
14554
14558
14561
14567
14576
14581
14585
14594
14600
14606
14615
14617
14624
14633
14642
14651
14657
14660
14671
14675
14701
14710
14714
14716
14723
14729
14732
14738
14741
14747
14756
14761
14765
14774
14783
14789
14792
14798
14804
14815
14819
14822
14824
14828
14837
14840
14842
14851
14855
14873
14879
14882
14891
14897
14903
14909
14912
14918
14921
14927
14930
14945
14954
14972
14978
14981
14987
14990
15014
15041
15104
15113
15115
15119
15124
15131
15140
15142
15146
15148
15151
15157
15164
15175
15179
15184
15191
15197
15214
15223
15227
15232
15238
15241
15245
15254
15272
15283
15311
15322
15328
15344
15382
15401
15410
15412
15416
15418
15421
15425
15434
15443
15445
15449
15452
15454
15458
15461
15467
15476
15481
15485
15494
15511
15517
15524
15542
15544
15548
15571
15584
15614
15641
15647
15674
15715
15719
15722
15746
15751
15764
15791
15814
15823
15832
15841
15845
15854
15911
15917
15944
15971
16000
16004
16006
16013
16031
16039
16040
16046
16060
16064
16066
16079
16093
16097
16103
16112
16118
16121
16130
16136
16145
16147
16154
16163
16174
16178
16181
16187
16211
16228
16244
16277
16282
16301
16309
16310
16316
16334
16343
16361
16367
16376
16390
16400
16406
16415
16417
16424
16433
16442
16451
16457
16460
16471
16475
16514
16541
16547
16574
16600
16604
16606
16613
16631
16637
16640
16660
16673
16709
16714
16718
16727
16736
16741
16745
16754
16763
16772
16778
16781
16787
16790
16811
16817
16822
16871
16877
16888
16903
16907
16930
16970
17003
17009
17014
17027
17030
17041
17069
17072
17078
17087
17090
17096
17104
17111
17113
17117
17122
17131
17137
17140
17144
17146
17155
17159
17164
17168
17171
17173
17177
17186
17195
17207
17212
17221
17225
17227
17234
17243
17249
17252
17267
17270
17272
17276
17294
17300
17311
17317
17324
17339
17342
17348
17366
17371
17384
17393
17401
17410
17414
17416
17423
17429
17432
17438
17441
17447
17456
17461
17465
17474
17483
17489
17492
17498
17515
17519
17522
17546
17551
17564
17591
17609
17614
17618
17627
17636
17641
17645
17654
17663
17672
17678
17681
17687
17690
17702
17708
17711
17713
17717
17720
17722
17726
17731
17744
17762
17768
17771
17777
17779
17780
17786
17788
17797
17807
17816
17834
17843
17849
17861
17867
17870
17876
17878
17887
17894
17900
17906
17915
17924
17933
17942
17948
17951
17960
17977
17984
18011
18022
18044
18077
18101
18110
18112
18116
18118
18121
18145
18149
18154
18161
18167
18176
18181
18194
18202
18211
18220
18224
18226
18235
18242
18244
18248
18253
18262
18284
18325
18347
18352
18374
18404
18415
18419
18422
18424
18428
18437
18440
18442
18451
18455
18473
18479
18482
18491
18497
18514
18523
18532
18541
18545
18554
18611
18617
18622
18671
18677
18688
18707
18716
18734
18743
18749
18761
18767
18770
18776
18778
18787
18794
18811
18824
18842
18868
18877
18886
18914
18941
18947
18974
19001
19007
19009
19010
19034
19036
19043
19049
19063
19067
19070
19076
19090
19094
19100
19115
19124
19133
19139
19142
19148
19151
19157
19175
19184
19193
19214
19241
19247
19274
19304
19306
19313
19319
19331
19333
19337
19340
19360
19373
19391
19403
19409
19412
19418
19421
19427
19430
19445
19454
19472
19478
19481
19487
19490
19511
19517
19544
19571
19603
19607
19630
19670
19700
19706
19715
19724
19733
19742
19748
19751
19760
19777
19784
19814
19841
19847
19874
19900
19904
19913
19931
19940
20001
20003
20005
20010
20023
20029
20030
20032
20050
20089
20092
20098
20100
20111
20122
20128
20144
20177
20182
20203
20209
20212
20218
20221
20225
20227
20230
20236
20252
20258
20263
20272
20281
20285
20290
20300
20302
20320
20326
20333
20335
20339
20353
20362
20368
20386
20393
20414
20441
20458
20485
20500
20522
20528
20533
20548
20555
20557
20566
20575
20582
20584
20588
20623
20632
20638
20656
20665
20669
20683
20696
20717
20722
20755
20771
20777
20809
20812
20821
20825
20836
20845
20852
20854
20858
20863
20885
20890
20902
20908
20920
20933
20966
20980
21000
21011
21022
21028
21044
21077
21082
21101
21110
21112
21116
21118
21121
21127
21134
21143
21145
21149
21154
21161
21172
21181
21194
21202
21208
21211
21217
21220
21224
21235
21242
21244
21248
21253
21257
21268
21271
21275
21277
21280
21284
21286
21314
21325
21341
21347
21352
21358
21374
21385
21404
21413
21415
21419
21422
21424
21428
21431
21437
21440
21442
21446
21448
21451
21455
21464
21473
21479
21482
21484
21488
21491
21497
21514
21523
21527
21532
21538
21541
21545
21554
21572
21583
21611
21628
21644
21677
21682
21707
21712
21721
21725
21727
21734
21743
21749
21752
21767
21770
21772
21776
21794
21802
21811
21820
21824
21826
21835
21842
21844
21848
21853
21862
21884
21914
21941
21947
21974
22003
22009
22012
22018
22021
22025
22027
22030
22036
22052
22058
22063
22072
22081
22085
22090
22102
22108
22111
22117
22120
22124
22135
22142
22144
22148
22153
22157
22168
22171
22175
22177
22180
22184
22186
22201
22205
22207
22210
22214
22225
22229
22234
22241
22243
22249
22250
22252
22256
22258
22265
22267
22270
22276
22285
22289
22292
22294
22298
22300
22306
22315
22324
22339
22342
22348
22351
22355
22360
22366
22384
22393
22412
22414
22418
22421
22423
22429
22432
22438
22441
22447
22474
22478
22481
22483
22487
22492
22502
22508
22513
22517
22520
22522
22526
22528
22531
22535
22553
22555
22559
22562
22571
22577
22580
22582
22595
22603
22618
22625
22627
22630
22636
22652
22663
22672
22681
22702
22711
22715
22717
22720
22726
22744
22748
22751
22757
22762
22771
22775
22784
22801
22805
22810
22814
22816
22825
22829
22834
22841
22843
22847
22850
22852
22861
22874
22892
22900
22922
22924
22928
22933
22942
22955
22982
22999
23000
23002
23020
23026
23033
23035
23039
23053
23062
23068
23086
23093
23114
23125
23141
23147
23152
23158
23174
23185
23200
23206
23215
23224
23239
23242
23248
23251
23255
23260
23266
23284
23293
23303
23305
23309
23329
23330
23336
23350
23356
23363
23365
23369
23390
23392
23396
23411
23417
23422
23428
23444
23455
23471
23477
23482
23503
23512
23518
23521
23525
23530
23536
23545
23552
23554
23558
23563
23581
23585
23602
23608
23620
23626
23633
23635
23639
23653
23662
23680
23693
23699
23714
23741
23747
23774
23806
23815
23824
23842
23851
23855
23860
23899
23903
23923
23930
23932
23936
23963
23969
23989
23996
23998
24014
24041
24058
24085
24104
24113
24115
24119
24122
24124
24128
24131
24137
24140
24142
24146
24148
24151
24155
24164
24173
24179
24182
24184
24188
24191
24197
24212
24214
24218
24221
24223
24229
24232
24238
24241
24247
24274
24278
24281
24283
24287
24292
24311
24317
24322
24328
24344
24355
24371
24377
24382
24401
24410
24412
24416
24418
24421
24427
24434
24443
24461
24472
24481
24508
24511
24515
24535
24551
24553
24580
24614
24641
24713
24719
24724
24728
24731
24737
24742
24773
24779
24782
24788
24791
24797
24805
24812
24814
24818
24821
24823
24827
24832
24841
24850
24872
24878
24881
24887
24889
24898
24911
24917
24922
24971
24977
24988
25000
25022
25028
25033
25048
25055
25057
25066
25075
25082
25084
25088
25114
25123
25127
25132
25138
25141
25145
25154
25172
25183
25202
25208
25213
25217
25220
25222
25226
25228
25231
25235
25253
25255
25259
25262
25271
25277
25280
25282
25295
25303
25312
25318
25321
25325
25330
25336
25345
25352
25354
25358
25363
25381
25385
25408
25411
25415
25435
25451
25453
25480
25505
25507
25514
25523
25525
25529
25532
25534
25538
25541
25543
25550
25552
25570
25583
25589
25592
25598
25606
25622
25633
25660
25688
25699
25705
25712
25721
25727
25750
25772
25778
25787
25789
25798
25802
25804
25808
25813
25820
25822
25831
25835
25840
25853
25859
25868
25877
25879
25880
25886
25895
25897
25925
25952
25958
25969
25978
25985
25987
25996
26023
26032
26038
26056
26065
26069
26083
26096
26111
26128
26144
26177
26182
26203
26218
26225
26227
26230
26236
26252
26263
26272
26281
26302
26308
26320
26326
26333
26335
26339
26353
26362
26380
26393
26399
26414
26441
26506
26522
26533
26560
26588
26599
26605
26609
26623
26632
26650
26669
26690
26696
26717
26722
26771
26803
26812
26821
26830
26858
26885
26906
26933
26939
26959
26960
26966
26993
26995
27017
27022
27055
27071
27077
27107
27112
27121
27125
27127
27134
27143
27149
27152
27167
27170
27172
27176
27194
27202
27211
27215
27217
27220
27226
27244
27248
27251
27257
27262
27271
27275
27284
27314
27341
27347
27374
27413
27419
27424
27428
27431
27437
27442
27473
27479
27482
27488
27491
27497
27505
27512
27521
27527
27550
27572
27578
27587
27589
27598
27617
27622
27671
27701
27707
27710
27712
27716
27721
27725
27734
27743
27749
27752
27758
27761
27770
27785
27794
27824
27842
27848
27857
27859
27875
27884
27895
27914
27941
27947
27958
27974
27985
28009
28012
28021
28025
28036
28045
28052
28054
28058
28063
28085
28090
28102
28111
28120
28124
28126
28135
28142
28144
28148
28153
28162
28184
28201
28205
28210
28214
28216
28225
28229
28234
28241
28243
28247
28250
28252
28261
28274
28292
28306
28315
28324
28342
28351
28355
28360
28399
28405
28412
28414
28418
28421
28423
28427
28432
28441
28450
28472
28478
28481
28487
28489
28498
28502
28504
28508
28513
28520
28522
28531
28535
28540
28553
28559
28568
28577
28579
28580
28586
28595
28597
28603
28612
28621
28630
28658
28685
28724
28742
28748
28757
28759
28775
28784
28795
28805
28814
28841
28847
28849
28850
28856
28865
28874
28894
28900
28922
28939
28948
28955
28957
28975
28984
28993
28999
29002
29008
29020
29033
29066
29080
29114
29141
29147
29174
29200
29222
29224
29228
29233
29242
29255
29282
29299
29303
29323
29330
29332
29336
29363
29369
29389
29396
29398
29411
29417
29422
29471
29477
29488
29525
29552
29558
29569
29578
29585
29587
29596
29606
29633
29639
29659
29660
29666
29693
29695
29714
29741
29747
29758
29774
29785
29800
29822
29839
29848
29855
29857
29875
29884
29893
29899
29929
29936
29938
29956
29963
29965
29983
29989
29992
29998
30002
30008
30011
30013
30017
30020
30022
30031
30035
30037
30044
30046
30053
30055
30064
30068
30071
30073
30077
30079
30080
30086
30088
30097
30101
30103
30107
30110
30116
30130
30149
30161
30169
30170
30194
30196
30200
30202
30220
30226
30233
30235
30239
30253
30262
30268
30286
30293
30301
30305
30307
30310
30323
30325
30329
30332
30334
30343
30347
30350
30352
30356
30358
30365
30367
30370
30374
30376
30385
30389
30392
30398
30404
30406
30419
30433
30437
30440
30460
30466
30473
30491
30503
30505
30523
30530
30532
30536
30538
30550
30563
30569
30583
30596
30604
30608
30611
30619
30622
30628
30635
30637
30640
30646
30653
30659
30664
30673
30680
30682
30691
30695
30701
30703
30707
30709
30710
30730
30734
30736
30743
30763
30770
30790
30800
30806
30808
30826
30835
30839
30853
30860
30862
30880
30893
30907
30914
30916
30923
30932
30938
30941
30956
30961
30965
30970
30983
31001
31003
31007
31010
31016
31030
31049
31061
31069
31070
31094
31096
31100
31106
31111
31115
31117
31124
31133
31139
31142
31144
31151
31160
31166
31171
31177
31193
31199
31214
31225
31241
31247
31252
31258
31274
31285
31300
31313
31319
31331
31333
31339
31346
31364
31379
31391
31393
31397
31409
31412
31414
31421
31427
31436
31441
31445
31454
31463
31472
31478
31487
31490
31511
31522
31528
31544
31582
31601
31609
31610
31616
31634
31643
31661
31667
31676
31690
31700
31711
31717
31724
31739
31742
31748
31766
31771
31784
31793
31825
31847
31852
31874
31904
31906
31913
31919
31931
31933
31937
31940
31960
31973
31991
32000
32002
32020
32026
32033
32035
32039
32053
32062
32068
32086
32093
32114
32125
32141
32147
32152
32158
32174
32185
32200
32206
32215
32224
32239
32242
32248
32251
32255
32260
32266
32284
32293
32303
32305
32309
32329
32330
32336
32350
32356
32363
32365
32369
32390
32392
32396
32411
32417
32422
32428
32444
32455
32471
32477
32482
32503
32512
32518
32521
32525
32530
32536
32545
32552
32554
32558
32563
32581
32585
32602
32608
32620
32626
32633
32635
32639
32653
32662
32680
32693
32699
32714
32741
32747
32774
32806
32815
32824
32842
32851
32855
32860
32899
32903
32923
32930
32932
32936
32963
32969
32989
32996
32998
33001
33005
33007
33010
33023
33025
33029
33032
33034
33043
33047
33050
33052
33056
33058
33065
33067
33070
33074
33076
33085
33089
33092
33098
33100
33113
33119
33131
33133
33139
33146
33164
33179
33191
33193
33197
33203
33205
33209
33229
33230
33236
33250
33256
33263
33265
33269
33290
33292
33296
33302
33304
33311
33313
33319
33320
33326
33331
33335
33340
33344
33346
33353
33362
33364
33368
33386
33391
33403
33407
33416
33430
33434
33436
33443
33449
33461
33463
33470
33494
33500
33502
33506
33508
33520
33526
33533
33560
33562
33580
33605
33607
33614
33623
33625
33629
33632
33634
33638
33641
33643
33650
33652
33670
33683
33689
33692
33698
33700
33704
33706
33719
33740
33760
33779
33791
33797
33799
33805
33809
33836
33850
33863
33869
33889
33890
33896
33898
33902
33908
33911
33913
33917
33920
33922
33926
33931
33944
33962
33968
33971
33977
33979
33980
33986
33988
33997
34004
34006
34019
34033
34037
34040
34060
34066
34073
34091
34109
34112
34114
34121
34127
34136
34141
34145
34154
34163
34172
34178
34187
34190
34211
34217
34222
34228
34244
34255
34271
34277
34282
34303
34307
34316
34330
34334
34336
34343
34349
34361
34363
34370
34394
34400
34411
34415
34424
34433
34439
34442
34444
34451
34466
34493
34514
34525
34541
34552
34600
34606
34613
34631
34633
34646
34660
34664
34679
34697
34699
34703
34712
34718
34721
34727
34730
34769
34772
34781
34796
34817
34822
34871
34901
34910
34934
34943
34967
34969
34976
34996
35003
35005
35023
35030
35032
35036
35038
35050
35063
35069
35083
35096
35111
35122
35128
35144
35182
35203
35212
35218
35221
35225
35230
35236
35245
35252
35254
35258
35263
35281
35285
35300
35302
35306
35308
35320
35326
35333
35360
35362
35380
35414
35425
35441
35452
35500
35522
35524
35528
35542
35555
35582
35603
35609
35623
35630
35632
35690
35777
35788
35803
35812
35821
35825
35830
35852
35878
35887
35906
35960
36004
36008
36011
36019
36022
36028
36035
36037
36040
36046
36053
36059
36064
36073
36080
36082
36091
36095
36101
36109
36110
36116
36134
36143
36161
36167
36176
36190
36202
36208
36220
36226
36233
36235
36239
36253
36262
36280
36293
36299
36305
36307
36314
36323
36325
36329
36332
36334
36338
36341
36343
36350
36352
36370
36383
36389
36392
36398
36400
36406
36413
36431
36433
36446
36460
36464
36479
36497
36499
36503
36509
36523
36530
36532
36590
36604
36611
36617
36622
36640
36644
36668
36671
36677
36679
36686
36697
36703
36716
36730
36749
36761
36767
36769
36776
36794
36796
36800
36802
36820
36833
36839
36866
36893
36901
36905
36910
36923
36929
36932
36938
36947
36949
36950
36967
36974
36976
36983
36992
36994
37001
37003
37007
37009
37010
37030
37034
37036
37043
37063
37070
37090
37100
37111
37117
37124
37139
37142
37148
37166
37171
37184
37193
37214
37241
37247
37274
37300
37304
37306
37319
37340
37360
37379
37391
37397
37399
37403
37412
37418
37421
37427
37430
37469
37472
37481
37496
37577
37588
37603
37616
37630
37649
37661
37667
37669
37676
37694
37696
37700
37711
37724
37739
37742
37757
37766
37775
37793
37814
37841
37858
37885
37900
37913
37931
37937
37939
37946
37964
37966
37973
37993
38000
38006
38008
38026
38035
38039
38053
38060
38062
38080
38093
38125
38147
38152
38174
38206
38215
38224
38242
38251
38255
38260
38299
38305
38309
38336
38350
38363
38369
38389
38390
38396
38398
38417
38422
38471
38503
38512
38521
38525
38530
38552
38578
38587
38600
38602
38620
38633
38639
38666
38693
38714
38741
38758
38785
38800
38839
38857
38875
38893
38903
38929
38930
38936
38938
38963
38983
38992
39007
39014
39016
39023
39032
39038
39041
39056
39061
39065
39070
39083
39104
39106
39113
39119
39131
39133
39137
39140
39160
39173
39191
39203
39223
39230
39232
39236
39263
39269
39289
39296
39298
39302
39308
39311
39313
39317
39320
39322
39326
39331
39344
39362
39368
39371
39377
39379
39380
39386
39388
39397
39401
39410
39434
39443
39467
39469
39476
39496
39506
39560
39601
39605
39610
39623
39629
39632
39638
39647
39649
39650
39667
39674
39676
39683
39692
39694
39700
39713
39731
39737
39739
39746
39764
39766
39773
39793
39803
39829
39830
39836
39838
39863
39883
39892
39911
39926
39928
39937
39946
39962
39964
39973
39982
40001
40009
40010
40016
40034
40036
40043
40049
40061
40063
40067
40076
40090
40094
40100
40106
40111
40115
40117
40124
40139
40142
40148
40151
40160
40166
40171
40184
40193
40199
40214
40241
40258
40285
40304
40306
40319
40333
40337
40340
40360
40366
40373
40391
40403
40409
40412
40418
40421
40430
40445
40447
40454
40469
40474
40481
40490
40496
40511
40528
40544
40577
40582
40601
40603
40607
40610
40616
40630
40636
40649
40661
40663
40667
40670
40676
40694
40706
40711
40733
40744
40757
40760
40766
40775
40799
40814
40825
40841
40852
40900
40904
40913
40919
40931
40940
40946
40964
40979
40991
40997
41000
41006
41011
41015
41017
41024
41039
41042
41048
41051
41060
41066
41071
41084
41093
41099
41101
41105
41107
41110
41123
41125
41129
41132
41134
41143
41147
41150
41152
41156
41158
41165
41167
41170
41174
41176
41185
41189
41192
41198
41204
41213
41215
41219
41222
41224
41228
41231
41237
41240
41242
41246
41248
41251
41255
41264
41273
41279
41282
41284
41288
41291
41297
41309
41312
41314
41321
41327
41336
41341
41345
41354
41363
41372
41378
41387
41390
41402
41408
41413
41417
41420
41422
41426
41428
41431
41435
41453
41455
41459
41462
41471
41477
41480
41482
41495
41501
41510
41512
41516
41518
41521
41525
41534
41543
41545
41549
41552
41554
41558
41561
41567
41576
41581
41585
41594
41600
41606
41615
41617
41624
41633
41642
41651
41657
41660
41671
41675
41701
41710
41714
41716
41723
41729
41732
41738
41741
41747
41756
41761
41765
41774
41783
41789
41792
41798
41804
41815
41819
41822
41824
41828
41837
41840
41842
41851
41855
41873
41879
41882
41891
41897
41903
41909
41912
41918
41921
41927
41930
41945
41954
41972
41978
41981
41987
41990
42014
42041
42058
42085
42104
42113
42115
42119
42122
42124
42128
42131
42137
42140
42142
42146
42148
42151
42155
42164
42173
42179
42182
42184
42188
42191
42197
42212
42214
42218
42221
42223
42229
42232
42238
42241
42247
42274
42278
42281
42283
42287
42292
42311
42317
42322
42328
42344
42355
42371
42377
42382
42401
42410
42412
42416
42418
42421
42427
42434
42443
42461
42472
42481
42508
42511
42515
42535
42551
42553
42580
42614
42641
42713
42719
42724
42728
42731
42737
42742
42773
42779
42782
42788
42791
42797
42805
42812
42814
42818
42821
42823
42827
42832
42841
42850
42872
42878
42881
42887
42889
42898
42911
42917
42922
42971
42977
42988
43004
43006
43019
43033
43037
43040
43060
43066
43073
43091
43109
43112
43114
43121
43127
43136
43141
43145
43154
43163
43172
43178
43187
43190
43211
43217
43222
43228
43244
43255
43271
43277
43282
43303
43307
43316
43330
43334
43336
43343
43349
43361
43363
43370
43394
43400
43411
43415
43424
43433
43439
43442
43444
43451
43466
43493
43514
43525
43541
43552
43600
43606
43613
43631
43633
43646
43660
43664
43679
43697
43699
43703
43712
43718
43721
43727
43730
43769
43772
43781
43796
43817
43822
43871
43901
43910
43934
43943
43967
43969
43976
43996
44003
44009
44012
44018
44021
44030
44045
44047
44054
44069
44074
44081
44090
44096
44102
44108
44113
44117
44120
44122
44126
44128
44131
44135
44153
44155
44159
44162
44171
44177
44180
44182
44195
44201
44210
44212
44216
44218
44221
44227
44234
44243
44261
44272
44281
44300
44311
44315
44324
44333
44339
44342
44344
44351
44366
44393
44405
44407
44423
44432
44434
44443
44447
44450
44456
44465
44470
44474
44489
44498
44504
44513
44515
44519
44531
44540
44546
44551
44555
44564
44591
44609
44612
44621
44636
44645
44654
44663
44678
44687
44690
44704
44711
44717
44722
44740
44744
44768
44771
44777
44779
44786
44797
44801
44810
44812
44821
44849
44867
44876
44894
44900
44906
44915
44933
44948
44951
44960
44977
44984
45011
45028
45044
45077
45082
45101
45110
45112
45116
45118
45121
45125
45134
45143
45145
45149
45152
45154
45158
45161
45167
45176
45181
45185
45194
45208
45211
45215
45235
45251
45253
45280
45314
45325
45341
45352
45404
45413
45415
45419
45431
45440
45446
45451
45455
45464
45491
45512
45514
45518
45521
45523
45532
45541
45545
45554
45578
45581
45587
45589
45598
45611
45617
45644
45671
45707
45716
45758
45761
45770
45785
45802
45811
45815
45820
45851
45857
45859
45875
45895
45914
45941
45958
45985
46001
46003
46007
46010
46016
46030
46036
46049
46061
46063
46067
46070
46076
46094
46100
46106
46115
46117
46124
46133
46142
46151
46157
46160
46171
46175
46214
46241
46300
46306
46313
46331
46333
46346
46360
46364
46379
46397
46399
46409
46412
46421
46436
46445
46454
46463
46478
46487
46490
46511
46517
46544
46571
46601
46603
46607
46610
46630
46634
46643
46667
46670
46676
46700
46706
46711
46715
46739
46748
46751
46760
46766
46777
46784
46793
46847
46874
46904
46937
46939
46940
46973
46993
47006
47011
47033
47044
47057
47060
47066
47075
47099
47101
47110
47114
47116
47123
47129
47132
47138
47141
47147
47156
47161
47165
47174
47183
47189
47192
47198
47213
47219
47224
47228
47231
47237
47242
47273
47279
47282
47288
47291
47297
47303
47312
47318
47321
47327
47330
47369
47372
47381
47396
47404
47411
47417
47422
47440
47444
47468
47471
47477
47479
47486
47497
47507
47516
47558
47561
47570
47585
47600
47606
47611
47615
47639
47648
47651
47660
47666
47677
47684
47693
47705
47714
47723
47729
47732
47741
47747
47749
47750
47767
47774
47776
47792
47794
47813
47819
47822
47828
47831
47846
47855
47864
47882
47891
47909
47912
47918
47921
47927
47936
47947
47963
47972
47974
47981
47990
48014
48025
48041
48052
48104
48115
48119
48122
48124
48128
48137
48140
48142
48151
48155
48173
48179
48182
48191
48197
48205
48212
48214
48218
48221
48223
48227
48232
48241
48250
48272
48278
48281
48287
48289
48298
48317
48322
48371
48401
48410
48412
48421
48449
48467
48476
48494
48502
48511
48515
48520
48551
48557
48559
48575
48595
48647
48674
48713
48719
48722
48728
48731
48746
48755
48764
48782
48791
48812
48821
48827
48829
48872
48892
48911
48917
48928
48944
48955
48971
48982
49000
49004
49013
49019
49031
49040
49046
49064
49079
49091
49097
49103
49109
49112
49118
49121
49127
49130
49145
49154
49172
49178
49181
49187
49190
49211
49217
49222
49271
49277
49288
49301
49310
49334
49343
49367
49369
49376
49396
49400
49406
49415
49433
49448
49451
49460
49477
49484
49514
49541
49558
49585
49604
49637
49639
49640
49673
49693
49709
49712
49718
49721
49727
49736
49747
49763
49772
49774
49781
49790
49811
49817
49828
49844
49855
49871
49882
49901
49907
49910
49936
49963
49970
50002
50006
50008
50020
50033
50035
50053
50059
50060
50066
50080
50095
50114
50141
50200
50222
50228
50233
50248
50255
50257
50266
50275
50282
50284
50288
50303
50305
50323
50330
50332
50336
50338
50350
50363
50369
50383
50396
50411
50428
50444
50477
50482
50503
50509
50525
50527
50530
50552
50558
50572
50585
50590
50600
50606
50626
50633
50639
50660
50662
50693
50699
50725
50747
50752
50774
50800
50822
50824
50828
50833
50842
50855
50882
50899
50905
50936
50950
50963
50969
50989
50996
50998
51014
51041
51104
51113
51115
51119
51124
51131
51140
51142
51146
51148
51151
51157
51164
51175
51179
51184
51191
51197
51214
51223
51227
51232
51238
51241
51245
51254
51272
51283
51311
51322
51328
51344
51382
51401
51410
51412
51416
51418
51421
51425
51434
51443
51445
51449
51452
51454
51458
51461
51467
51476
51481
51485
51494
51511
51517
51524
51542
51544
51548
51571
51584
51614
51641
51647
51674
51715
51719
51722
51746
51751
51764
51791
51814
51823
51832
51841
51845
51854
51911
51917
51944
51971
52000
52022
52028
52033
52048
52055
52057
52066
52075
52082
52084
52088
52114
52123
52127
52132
52138
52141
52145
52154
52172
52183
52202
52208
52213
52217
52220
52222
52226
52228
52231
52235
52253
52255
52259
52262
52271
52277
52280
52282
52295
52303
52312
52318
52321
52325
52330
52336
52345
52352
52354
52358
52363
52381
52385
52408
52411
52415
52435
52451
52453
52480
52505
52507
52514
52523
52525
52529
52532
52534
52538
52541
52543
52550
52552
52570
52583
52589
52592
52598
52606
52622
52633
52660
52688
52699
52705
52712
52721
52727
52750
52772
52778
52787
52789
52798
52802
52804
52808
52813
52820
52822
52831
52835
52840
52853
52859
52868
52877
52879
52880
52886
52895
52897
52925
52952
52958
52969
52978
52985
52987
52996
53003
53005
53023
53030
53032
53036
53038
53050
53063
53069
53083
53096
53111
53122
53128
53144
53182
53203
53212
53218
53221
53225
53230
53236
53245
53252
53254
53258
53263
53281
53285
53300
53302
53306
53308
53320
53326
53333
53360
53362
53380
53414
53425
53441
53452
53500
53522
53524
53528
53542
53555
53582
53603
53609
53623
53630
53632
53690
53777
53788
53803
53812
53821
53825
53830
53852
53878
53887
53906
53960
54011
54028
54044
54077
54082
54101
54110
54112
54116
54118
54121
54125
54134
54143
54145
54149
54152
54154
54158
54161
54167
54176
54181
54185
54194
54208
54211
54215
54235
54251
54253
54280
54314
54325
54341
54352
54404
54413
54415
54419
54431
54440
54446
54451
54455
54464
54491
54512
54514
54518
54521
54523
54532
54541
54545
54554
54578
54581
54587
54589
54598
54611
54617
54644
54671
54707
54716
54758
54761
54770
54785
54802
54811
54815
54820
54851
54857
54859
54875
54895
54914
54941
54958
54985
55003
55009
55025
55027
55030
55052
55058
55072
55085
55090
55111
55117
55124
55142
55144
55148
55171
55184
55205
55207
55214
55223
55225
55229
55232
55234
55238
55241
55243
55250
55252
55270
55283
55289
55292
55298
55300
55322
55324
55328
55342
55355
55382
55412
55414
55418
55421
55423
55432
55441
55445
55454
55478
55481
55487
55489
55498
55502
55508
55520
55522
55535
55544
55553
55559
55577
55580
55595
55678
55687
55702
55711
55720
55748
55757
55768
55775
55777
55784
55786
55805
55814
55823
55829
55832
55841
55847
55849
55850
55867
55874
55876
55892
55894
55900
55922
55928
55948
55955
55982
55984
55999
56000
56006
56026
56033
56039
56060
56062
56093
56099
56114
56141
56147
56174
56206
56222
56233
56260
56288
56299
56303
56309
56323
56330
56332
56390
56411
56417
56444
56471
56578
56587
56600
56602
56620
56668
56686
56714
56741
56758
56785
56828
56857
56866
56875
56882
56903
56909
56929
56930
56990
56992
57025
57047
57052
57074
57115
57119
57122
57146
57151
57164
57191
57205
57212
57221
57227
57250
57272
57278
57287
57289
57298
57377
57388
57407
57416
57458
57461
57470
57485
57502
57511
57520
57548
57557
57568
57575
57577
57584
57586
57614
57641
57658
57685
57704
57722
57728
57737
57740
57755
57757
57773
57775
57782
57827
57829
57838
57845
57854
57856
57865
57872
57883
57889
57892
57898
57911
57928
57982
57988
58000
58022
58024
58028
58033
58042
58055
58082
58099
58114
58123
58132
58141
58145
58154
58202
58204
58208
58213
58220
58222
58231
58235
58240
58253
58259
58268
58277
58279
58280
58286
58295
58297
58303
58312
58321
58325
58330
58352
58378
58387
58402
58411
58415
58420
58451
58457
58459
58475
58495
58505
58514
58523
58529
58532
58541
58547
58549
58550
58567
58574
58576
58592
58594
58628
58657
58666
58675
58682
58727
58729
58738
58745
58754
58756
58765
58772
58783
58789
58792
58798
58802
58820
58826
58837
58862
58873
58879
58888
58897
58909
58925
58927
58945
58952
58954
58972
58978
58987
58990
59005
59036
59050
59063
59069
59089
59096
59098
59111
59117
59144
59171
59225
59252
59258
59269
59278
59285
59287
59296
59306
59360
59414
59441
59458
59485
59500
59522
59528
59548
59555
59582
59584
59599
59603
59609
59629
59630
59690
59692
59711
59728
59782
59788
59809
59825
59827
59845
59852
59854
59872
59878
59887
59890
59906
59908
59926
59959
59960
59962
59980
59995
59999
60001
60005
60010
60014
60016
60034
60038
60041
60043
60047
60050
60056
60061
60065
60074
60083
60089
60098
60100
60104
60106
60113
60131
60139
60140
60146
60160
60164
60166
60179
60193
60197
60223
60232
60238
60256
60265
60269
60283
60296
60304
60308
60311
60319
60322
60328
60335
60337
60340
60346
60353
60359
60364
60373
60380
60382
60391
60395
60401
60403
60407
60410
60416
60430
60436
60449
60461
60463
60467
60470
60476
60494
60500
60506
60526
60533
60539
60560
60562
60593
60599
60601
60605
60610
60614
60616
60625
60629
60634
60641
60643
60647
60650
60652
60661
60674
60692
60704
60719
60733
60740
60746
60764
60791
60803
60809
60823
60830
60832
60890
60908
60913
60917
60926
60931
60935
60944
60953
60959
60962
60971
60980
60995
61000
61004
61006
61013
61031
61039
61040
61046
61060
61064
61066
61079
61093
61097
61103
61112
61118
61121
61130
61136
61145
61147
61154
61163
61174
61178
61181
61187
61211
61228
61244
61277
61282
61301
61309
61310
61316
61334
61343
61361
61367
61376
61390
61400
61406
61415
61417
61424
61433
61442
61451
61457
61460
61471
61475
61514
61541
61547
61574
61600
61604
61606
61613
61631
61637
61640
61660
61673
61709
61714
61718
61727
61736
61741
61745
61754
61763
61772
61778
61781
61787
61790
61811
61817
61822
61871
61877
61888
61903
61907
61930
61970
62023
62032
62038
62056
62065
62069
62083
62096
62111
62128
62144
62177
62182
62203
62218
62225
62227
62230
62236
62252
62263
62272
62281
62302
62308
62320
62326
62333
62335
62339
62353
62362
62380
62393
62399
62414
62441
62506
62522
62533
62560
62588
62599
62605
62609
62623
62632
62650
62669
62690
62696
62717
62722
62771
62803
62812
62821
62830
62858
62885
62906
62933
62939
62959
62960
62966
62993
62995
63004
63008
63011
63019
63022
63028
63035
63037
63040
63046
63053
63059
63064
63073
63080
63082
63091
63095
63101
63109
63110
63116
63134
63143
63161
63167
63176
63190
63202
63208
63220
63226
63233
63235
63239
63253
63262
63280
63293
63299
63305
63307
63314
63323
63325
63329
63332
63334
63338
63341
63343
63350
63352
63370
63383
63389
63392
63398
63400
63406
63413
63431
63433
63446
63460
63464
63479
63497
63499
63503
63509
63523
63530
63532
63590
63604
63611
63617
63622
63640
63644
63668
63671
63677
63679
63686
63697
63703
63716
63730
63749
63761
63767
63769
63776
63794
63796
63800
63802
63820
63833
63839
63866
63893
63901
63905
63910
63923
63929
63932
63938
63947
63949
63950
63967
63974
63976
63983
63992
63994
64001
64003
64007
64010
64016
64030
64036
64049
64061
64063
64067
64070
64076
64094
64100
64106
64115
64117
64124
64133
64142
64151
64157
64160
64171
64175
64214
64241
64300
64306
64313
64331
64333
64346
64360
64364
64379
64397
64399
64409
64412
64421
64436
64445
64454
64463
64478
64487
64490
64511
64517
64544
64571
64601
64603
64607
64610
64630
64634
64643
64667
64670
64676
64700
64706
64711
64715
64739
64748
64751
64760
64766
64777
64784
64793
64847
64874
64904
64937
64939
64940
64973
64993
65000
65006
65026
65033
65039
65060
65062
65093
65099
65114
65141
65147
65174
65206
65222
65233
65260
65288
65299
65303
65309
65323
65330
65332
65390
65411
65417
65444
65471
65578
65587
65600
65602
65620
65668
65686
65714
65741
65758
65785
65828
65857
65866
65875
65882
65903
65909
65929
65930
65990
65992
66001
66005
66010
66014
66016
66025
66029
66034
66041
66043
66047
66050
66052
66061
66074
66092
66100
66104
66106
66113
66131
66137
66140
66160
66173
66205
66209
66223
66232
66250
66269
66290
66296
66304
66311
66317
66322
66340
66344
66368
66371
66377
66379
66386
66397
66401
66403
66407
66410
66430
66434
66443
66467
66470
66476
66500
66502
66520
66568
66586
66601
66610
66629
66638
66647
66658
66667
66674
66676
66683
66685
66692
66704
66713
66731
66737
66739
66740
66746
66764
66766
66773
66793
66799
66836
66856
66863
66865
66889
66898
66902
66920
66926
66937
66962
66973
66979
66988
66997
67004
67019
67033
67040
67046
67064
67091
67109
67114
67118
67127
67136
67141
67145
67154
67163
67172
67178
67181
67187
67190
67217
67222
67271
67303
67316
67330
67349
67361
67367
67369
67376
67394
67396
67400
67406
67411
67415
67439
67448
67451
67460
67466
67477
67484
67493
67514
67541
67558
67585
67604
67613
67631
67637
67639
67640
67646
67664
67666
67673
67693
67699
67712
67718
67721
67736
67747
67763
67774
67781
67811
67817
67844
67855
67871
67888
67901
67910
67934
67936
67943
67963
67969
67996
68003
68009
68023
68030
68032
68090
68111
68117
68122
68171
68177
68188
68203
68212
68221
68230
68258
68285
68300
68302
68320
68333
68339
68366
68393
68447
68474
68528
68557
68566
68575
68582
68636
68656
68663
68665
68689
68698
68711
68717
68744
68755
68771
68788
68818
68825
68852
68869
68878
68881
68887
68896
68900
68933
68968
68986
69008
69013
69017
69026
69031
69035
69044
69053
69059
69062
69071
69080
69095
69103
69107
69130
69170
69206
69233
69239
69259
69260
69266
69293
69295
69301
69305
69310
69323
69329
69332
69338
69347
69349
69350
69367
69374
69376
69383
69392
69394
69404
69437
69439
69440
69473
69493
69503
69509
69529
69530
69590
69592
69602
69620
69626
69637
69662
69673
69679
69688
69697
69701
69710
69734
69736
69743
69763
69769
69796
69800
69833
69868
69886
69905
69923
69925
69932
69934
69943
69950
69952
69967
69976
70013
70019
70031
70033
70037
70039
70046
70064
70073
70079
70091
70093
70097
70103
70109
70114
70127
70130
70141
70169
70172
70178
70187
70190
70196
70217
70222
70255
70271
70277
70301
70303
70307
70309
70310
70330
70334
70336
70343
70363
70370
70390
70406
70411
70433
70444
70457
70460
70466
70475
70499
70525
70547
70552
70574
70604
70619
70633
70640
70646
70664
70691
70703
70709
70712
70718
70721
70727
70730
70745
70754
70772
70778
70781
70787
70790
70817
70871
70877
70888
70901
70903
70907
70910
70916
70930
70949
70961
70970
70994
71003
71009
71014
71027
71030
71041
71069
71072
71078
71087
71090
71096
71104
71111
71113
71117
71122
71131
71137
71140
71144
71146
71155
71159
71164
71168
71171
71173
71177
71186
71195
71207
71212
71221
71225
71227
71234
71243
71249
71252
71267
71270
71272
71276
71294
71300
71311
71317
71324
71339
71342
71348
71366
71371
71384
71393
71401
71410
71414
71416
71423
71429
71432
71438
71441
71447
71456
71461
71465
71474
71483
71489
71492
71498
71515
71519
71522
71546
71551
71564
71591
71609
71614
71618
71627
71636
71641
71645
71654
71663
71672
71678
71681
71687
71690
71702
71708
71711
71713
71717
71720
71722
71726
71731
71744
71762
71768
71771
71777
71779
71780
71786
71788
71797
71807
71816
71834
71843
71849
71861
71867
71870
71876
71878
71887
71894
71900
71906
71915
71924
71933
71942
71948
71951
71960
71977
71984
72017
72022
72055
72071
72077
72107
72112
72121
72125
72127
72134
72143
72149
72152
72167
72170
72172
72176
72194
72202
72211
72215
72217
72220
72226
72244
72248
72251
72257
72262
72271
72275
72284
72314
72341
72347
72374
72413
72419
72424
72428
72431
72437
72442
72473
72479
72482
72488
72491
72497
72505
72512
72521
72527
72550
72572
72578
72587
72589
72598
72617
72622
72671
72701
72707
72710
72712
72716
72721
72725
72734
72743
72749
72752
72758
72761
72770
72785
72794
72824
72842
72848
72857
72859
72875
72884
72895
72914
72941
72947
72958
72974
72985
73001
73003
73007
73009
73010
73030
73034
73036
73043
73063
73070
73090
73100
73111
73117
73124
73139
73142
73148
73166
73171
73184
73193
73214
73241
73247
73274
73300
73304
73306
73319
73340
73360
73379
73391
73397
73399
73403
73412
73418
73421
73427
73430
73469
73472
73481
73496
73577
73588
73603
73616
73630
73649
73661
73667
73669
73676
73694
73696
73700
73711
73724
73739
73742
73757
73766
73775
73793
73814
73841
73858
73885
73900
73913
73931
73937
73939
73946
73964
73966
73973
73993
74006
74011
74033
74044
74057
74060
74066
74075
74099
74101
74110
74114
74116
74123
74129
74132
74138
74141
74147
74156
74161
74165
74174
74183
74189
74192
74198
74213
74219
74224
74228
74231
74237
74242
74273
74279
74282
74288
74291
74297
74303
74312
74318
74321
74327
74330
74369
74372
74381
74396
74404
74411
74417
74422
74440
74444
74468
74471
74477
74479
74486
74497
74507
74516
74558
74561
74570
74585
74600
74606
74611
74615
74639
74648
74651
74660
74666
74677
74684
74693
74705
74714
74723
74729
74732
74741
74747
74749
74750
74767
74774
74776
74792
74794
74813
74819
74822
74828
74831
74846
74855
74864
74882
74891
74909
74912
74918
74921
74927
74936
74947
74963
74972
74974
74981
74990
75025
75047
75052
75074
75115
75119
75122
75146
75151
75164
75191
75205
75212
75221
75227
75250
75272
75278
75287
75289
75298
75377
75388
75407
75416
75458
75461
75470
75485
75502
75511
75520
75548
75557
75568
75575
75577
75584
75586
75614
75641
75658
75685
75704
75722
75728
75737
75740
75755
75757
75773
75775
75782
75827
75829
75838
75845
75854
75856
75865
75872
75883
75889
75892
75898
75911
75928
75982
75988
76004
76019
76033
76040
76046
76064
76091
76109
76114
76118
76127
76136
76141
76145
76154
76163
76172
76178
76181
76187
76190
76217
76222
76271
76303
76316
76330
76349
76361
76367
76369
76376
76394
76396
76400
76406
76411
76415
76439
76448
76451
76460
76466
76477
76484
76493
76514
76541
76558
76585
76604
76613
76631
76637
76639
76640
76646
76664
76666
76673
76693
76699
76712
76718
76721
76736
76747
76763
76774
76781
76811
76817
76844
76855
76871
76888
76901
76910
76934
76936
76943
76963
76969
76996
77003
77009
77012
77018
77021
77027
77030
77045
77054
77072
77078
77081
77087
77090
77102
77108
77111
77113
77117
77120
77122
77126
77131
77144
77162
77168
77171
77177
77179
77180
77186
77188
77197
77201
77207
77210
77212
77216
77221
77225
77234
77243
77249
77252
77258
77261
77270
77285
77294
77300
77311
77324
77339
77342
77357
77366
77375
77393
77405
77414
77423
77429
77432
77441
77447
77449
77450
77467
77474
77476
77492
77494
77504
77522
77528
77537
77540
77555
77557
77573
77575
77582
77612
77618
77621
77636
77647
77663
77674
77681
77702
77708
77711
77717
77719
77720
77735
77744
77746
77753
77755
77764
77771
77779
77780
77791
77797
77801
77807
77810
77816
77818
77825
77852
77861
77870
77881
77900
77917
77924
77933
77942
77944
77971
77977
78017
78071
78077
78088
78107
78116
78134
78143
78149
78161
78167
78170
78176
78178
78187
78194
78224
78242
78248
78257
78259
78275
78284
78295
78314
78341
78358
78385
78413
78419
78422
78428
78431
78446
78455
78464
78482
78491
78527
78529
78538
78545
78554
78556
78565
78572
78583
78589
78592
78598
78611
78617
78644
78655
78671
78688
78701
78707
78710
78716
78718
78725
78752
78761
78770
78781
78808
78817
78824
78835
78842
78853
78859
78868
78871
78880
78886
78895
78914
78925
78941
78952
78958
78985
79001
79003
79007
79010
79016
79030
79049
79061
79070
79094
79100
79106
79115
79124
79133
79142
79148
79151
79160
79177
79184
79214
79241
79247
79258
79274
79285
79300
79313
79331
79337
79339
79346
79364
79366
79373
79393
79409
79412
79418
79421
79427
79436
79447
79463
79472
79474
79481
79490
79511
79528
79582
79588
79601
79610
79634
79636
79643
79663
79669
79696
79700
79717
79724
79733
79742
79744
79771
79777
79814
79825
79841
79852
79858
79885
79904
79933
79940
79966
79999
80003
80005
80029
80030
80036
80038
80050
80063
80069
80083
80092
80096
80111
80122
80144
80177
80209
80212
80221
80225
80236
80245
80252
80254
80258
80263
80285
80290
80300
80306
80308
80326
80335
80339
80353
80360
80362
80380
80393
80414
80425
80441
80452
80500
80522
80524
80528
80533
80542
80555
80582
80599
80603
80609
80623
80630
80632
80690
80717
80771
80777
80788
80803
80825
80830
80852
80878
80887
80902
80906
80920
80933
80959
80960
80995
81011
81022
81044
81077
81101
81110
81112
81116
81118
81121
81145
81149
81154
81161
81167
81176
81181
81194
81202
81211
81220
81224
81226
81235
81242
81244
81248
81253
81262
81284
81325
81347
81352
81374
81404
81415
81419
81422
81424
81428
81437
81440
81442
81451
81455
81473
81479
81482
81491
81497
81514
81523
81532
81541
81545
81554
81611
81617
81622
81671
81677
81688
81707
81716
81734
81743
81749
81761
81767
81770
81776
81778
81787
81794
81811
81824
81842
81868
81877
81886
81914
81941
81947
81974
82009
82012
82021
82025
82036
82045
82052
82054
82058
82063
82085
82090
82102
82111
82120
82124
82126
82135
82142
82144
82148
82153
82162
82184
82201
82205
82210
82214
82216
82225
82229
82234
82241
82243
82247
82250
82252
82261
82274
82292
82306
82315
82324
82342
82351
82355
82360
82399
82405
82412
82414
82418
82421
82423
82427
82432
82441
82450
82472
82478
82481
82487
82489
82498
82502
82504
82508
82513
82520
82522
82531
82535
82540
82553
82559
82568
82577
82579
82580
82586
82595
82597
82603
82612
82621
82630
82658
82685
82724
82742
82748
82757
82759
82775
82784
82795
82805
82814
82841
82847
82849
82850
82856
82865
82874
82894
82900
82922
82939
82948
82955
82957
82975
82984
82993
82999
83000
83006
83008
83026
83035
83039
83053
83060
83062
83080
83093
83125
83147
83152
83174
83206
83215
83224
83242
83251
83255
83260
83299
83305
83309
83336
83350
83363
83369
83389
83390
83396
83398
83417
83422
83471
83503
83512
83521
83525
83530
83552
83578
83587
83600
83602
83620
83633
83639
83666
83693
83714
83741
83758
83785
83800
83839
83857
83875
83893
83903
83929
83930
83936
83938
83963
83983
83992
84014
84025
84041
84052
84104
84115
84119
84122
84124
84128
84137
84140
84142
84151
84155
84173
84179
84182
84191
84197
84205
84212
84214
84218
84221
84223
84227
84232
84241
84250
84272
84278
84281
84287
84289
84298
84317
84322
84371
84401
84410
84412
84421
84449
84467
84476
84494
84502
84511
84515
84520
84551
84557
84559
84575
84595
84647
84674
84713
84719
84722
84728
84731
84746
84755
84764
84782
84791
84812
84821
84827
84829
84872
84892
84911
84917
84928
84944
84955
84971
84982
85000
85022
85024
85028
85033
85042
85055
85082
85099
85114
85123
85132
85141
85145
85154
85202
85204
85208
85213
85220
85222
85231
85235
85240
85253
85259
85268
85277
85279
85280
85286
85295
85297
85303
85312
85321
85325
85330
85352
85378
85387
85402
85411
85415
85420
85451
85457
85459
85475
85495
85505
85514
85523
85529
85532
85541
85547
85549
85550
85567
85574
85576
85592
85594
85628
85657
85666
85675
85682
85727
85729
85738
85745
85754
85756
85765
85772
85783
85789
85792
85798
85802
85820
85826
85837
85862
85873
85879
85888
85897
85909
85925
85927
85945
85952
85954
85972
85978
85987
85990
86003
86009
86023
86030
86032
86090
86111
86117
86122
86171
86177
86188
86203
86212
86221
86230
86258
86285
86300
86302
86320
86333
86339
86366
86393
86447
86474
86528
86557
86566
86575
86582
86636
86656
86663
86665
86689
86698
86711
86717
86744
86755
86771
86788
86818
86825
86852
86869
86878
86881
86887
86896
86900
86933
86968
86986
87017
87071
87077
87088
87107
87116
87134
87143
87149
87161
87167
87170
87176
87178
87187
87194
87224
87242
87248
87257
87259
87275
87284
87295
87314
87341
87358
87385
87413
87419
87422
87428
87431
87446
87455
87464
87482
87491
87527
87529
87538
87545
87554
87556
87565
87572
87583
87589
87592
87598
87611
87617
87644
87655
87671
87688
87701
87707
87710
87716
87718
87725
87752
87761
87770
87781
87808
87817
87824
87835
87842
87853
87859
87868
87871
87880
87886
87895
87914
87925
87941
87952
87958
87985
88003
88025
88030
88052
88078
88087
88111
88124
88142
88168
88177
88186
88205
88214
88241
88247
88249
88250
88256
88265
88274
88294
88300
88339
88357
88375
88393
88412
88421
88427
88429
88472
88492
88502
88520
88526
88537
88562
88573
88579
88588
88597
88618
88625
88652
88669
88678
88681
88687
88696
88708
88717
88724
88735
88742
88753
88759
88768
88771
88780
88786
88795
88807
88816
88858
88861
88867
88870
88876
88885
88889
88898
88924
88933
88942
88957
88966
88975
88988
89002
89006
89020
89033
89059
89060
89095
89114
89141
89147
89174
89200
89222
89239
89248
89255
89257
89275
89284
89293
89299
89303
89329
89330
89336
89338
89363
89383
89392
89411
89417
89428
89444
89455
89471
89482
89509
89525
89527
89545
89552
89554
89572
89578
89587
89590
89600
89633
89668
89686
89714
89725
89741
89752
89758
89785
89824
89833
89842
89857
89866
89875
89888
89905
89923
89929
89932
89950
89992
90004
90011
90017
90019
90022
90028
90037
90040
90044
90055
90068
90071
90073
90077
90082
90086
90091
90101
90107
90109
90110
90134
90136
90143
90149
90163
90167
90170
90176
90190
90194
90202
90208
90220
90233
90266
90280
90307
90314
90316
90323
90332
90338
90341
90356
90361
90365
90370
90383
90400
90404
90413
90419
90431
90440
90446
90464
90479
90491
90497
90505
90536
90550
90563
90569
90589
90596
90598
90608
90613
90617
90626
90631
90635
90644
90653
90659
90662
90671
90680
90695
90701
90703
90707
90710
90716
90730
90749
90761
90770
90794
90802
90806
90820
90833
90859
90860
90895
90901
90910
90914
90941
90947
90956
90958
90965
90974
90985
91001
91007
91009
91010
91034
91036
91043
91049
91063
91067
91070
91076
91090
91094
91100
91115
91124
91133
91139
91142
91148
91151
91157
91175
91184
91193
91214
91241
91247
91274
91304
91306
91313
91319
91331
91333
91337
91340
91360
91373
91391
91403
91409
91412
91418
91421
91427
91430
91445
91454
91472
91478
91481
91487
91490
91511
91517
91544
91571
91603
91607
91630
91670
91700
91706
91715
91724
91733
91742
91748
91751
91760
91777
91784
91814
91841
91847
91874
91900
91904
91913
91931
91940
92002
92008
92020
92033
92066
92080
92114
92141
92147
92174
92200
92222
92224
92228
92233
92242
92255
92282
92299
92303
92323
92330
92332
92336
92363
92369
92389
92396
92398
92411
92417
92422
92471
92477
92488
92525
92552
92558
92569
92578
92585
92587
92596
92606
92633
92639
92659
92660
92666
92693
92695
92714
92741
92747
92758
92774
92785
92800
92822
92839
92848
92855
92857
92875
92884
92893
92899
92929
92936
92938
92956
92963
92965
92983
92989
92992
92998
93007
93014
93016
93023
93032
93038
93041
93056
93061
93065
93070
93083
93104
93106
93113
93119
93131
93133
93137
93140
93160
93173
93191
93203
93223
93230
93232
93236
93263
93269
93289
93296
93298
93302
93308
93311
93313
93317
93320
93322
93326
93331
93344
93362
93368
93371
93377
93379
93380
93386
93388
93397
93401
93410
93434
93443
93467
93469
93476
93496
93506
93560
93601
93605
93610
93623
93629
93632
93638
93647
93649
93650
93667
93674
93676
93683
93692
93694
93700
93713
93731
93737
93739
93746
93764
93766
93773
93793
93803
93829
93830
93836
93838
93863
93883
93892
93911
93926
93928
93937
93946
93962
93964
93973
93982
94000
94004
94013
94019
94031
94040
94046
94064
94079
94091
94097
94103
94109
94112
94118
94121
94127
94130
94145
94154
94172
94178
94181
94187
94190
94211
94217
94222
94271
94277
94288
94301
94310
94334
94343
94367
94369
94376
94396
94400
94406
94415
94433
94448
94451
94460
94477
94484
94514
94541
94558
94585
94604
94637
94639
94640
94673
94693
94709
94712
94718
94721
94727
94736
94747
94763
94772
94774
94781
94790
94811
94817
94828
94844
94855
94871
94882
94901
94907
94910
94936
94963
94970
95005
95036
95050
95063
95069
95089
95096
95098
95111
95117
95144
95171
95225
95252
95258
95269
95278
95285
95287
95296
95306
95360
95414
95441
95458
95485
95500
95522
95528
95548
95555
95582
95584
95599
95603
95609
95629
95630
95690
95692
95711
95728
95782
95788
95809
95825
95827
95845
95852
95854
95872
95878
95887
95890
95906
95908
95926
95959
95960
95962
95980
95995
95999
96008
96013
96017
96026
96031
96035
96044
96053
96059
96062
96071
96080
96095
96103
96107
96130
96170
96206
96233
96239
96259
96260
96266
96293
96295
96301
96305
96310
96323
96329
96332
96338
96347
96349
96350
96367
96374
96376
96383
96392
96394
96404
96437
96439
96440
96473
96493
96503
96509
96529
96530
96590
96592
96602
96620
96626
96637
96662
96673
96679
96688
96697
96701
96710
96734
96736
96743
96763
96769
96796
96800
96833
96868
96886
96905
96923
96925
96932
96934
96943
96950
96952
96967
96976
97001
97003
97007
97010
97016
97030
97049
97061
97070
97094
97100
97106
97115
97124
97133
97142
97148
97151
97160
97177
97184
97214
97241
97247
97258
97274
97285
97300
97313
97331
97337
97339
97346
97364
97366
97373
97393
97409
97412
97418
97421
97427
97436
97447
97463
97472
97474
97481
97490
97511
97528
97582
97588
97601
97610
97634
97636
97643
97663
97669
97696
97700
97717
97724
97733
97742
97744
97771
97777
97814
97825
97841
97852
97858
97885
97904
97933
97940
97966
97999
98002
98006
98020
98033
98059
98060
98095
98114
98141
98147
98174
98200
98222
98239
98248
98255
98257
98275
98284
98293
98299
98303
98329
98330
98336
98338
98363
98383
98392
98411
98417
98428
98444
98455
98471
98482
98509
98525
98527
98545
98552
98554
98572
98578
98587
98590
98600
98633
98668
98686
98714
98725
98741
98752
98758
98785
98824
98833
98842
98857
98866
98875
98888
98905
98923
98929
98932
98950
98992
99001
99010
99014
99041
99047
99056
99058
99065
99074
99085
99100
99104
99113
99131
99140
99229
99236
99238
99256
99263
99265
99283
99289
99292
99298
99311
99326
99328
99337
99346
99362
99364
99373
99382
99401
99407
99410
99436
99463
99470
99506
99508
99526
99559
99560
99562
99580
99595
99599
99605
99623
99625
99632
99634
99643
99650
99652
99667
99676
99704
99733
99740
99766
99799
99805
99823
99829
99832
99850
99892
99922
99928
99955
99959
99979
99982
99995
99997
